535341
258687
326
435
361
397667
448
389
3498
447301
328
444
342
312
1108577
32898
111543
329
1143242
462682
526
474
42664
324
41519
476
41520
77335
2213
689
195334
4540126
44386
77263
81733
522
725190
322
42782
586397
301
387556
81314
81297
4374
44168
160977
9691
63912
848894
5105855
46225
77269
406408
377
965754
2656
355
4395219
803422
4384109
41381
864138
1091
44745
4541
42571
1228407
819101
86326
407636
645276
681849
530
1402937
43395
8124
688
1188529
723
4664634
462606
841081
46708
1032308
1000443
649917
1043758
104927
606646
7226
808639
738
367
485311
345
325
8408
255611
81555
425400
722951
126196
453406
346
1421591
3442
43869
251733
260162
610
44811
14349
1008113
522876
6877
341
75871
838
7640
46789
3797
5502
41431
350
327
63991
933307
278522
666
843649
3561
195434
5619
5059
958519
41442
906042
436263
2717
692861
1191022
43423
589290
3563
627
437410
46638
281251
46066
601564
683999
336
647671
89515
12198
518037
959365
5492
43602
386
455194
519
596125
1044280
6144
694633
939411
351
470553
77283
382
7466
45028
527
4996
252641
944098
689066
371
354
505851
976636
7660
1134493
61237
104938
571896
45660
1991
2494
5167
43970
468102
4695
276762
7653
102124
3707
1048334
102198
394
8366
309408
5275429
4484
439
664
408876
335
8161
4871
1108571
45822
64187
843650
7724
196604
4920181
48356
47015
46368
418
463694
507
77203
485261
45314
495518
910353
